17.38,70.74,16.76
62.58,113.94,7.43
175.11,21,46.34
84.22,56.76,5.33
84.19,54.96,5.13
174.75,18.71,47.29
132.63,137.15,15.98
16.58,71.25,27.82
144.97,77.06,15.34
63.7,112.61,9.46
179.53,18.67,42.94
146.93,76.59,30.45
174.11,20.13,45.79
62.11,112.3,8.35
83.66,54.49,7.86
146.93,77.57,30.28
19.08,71.56,27.43
146.41,77.84,30.58
131.89,136.61,4.58
132.36,135.11,14
83.8,56.34,6.82
133.34,134.68,13.87
146.21,76.41,28.86
174.77,19.58,45.63
61.45,114.14,7.01
16.97,67.15,20.37
83.01,57.67,7.08
64.2,112.83,9.41
176.74,19.89,46
62.13,114.9,8.06
83.12,57.63,7.54
61.43,114.81,8.03
145.03,76.99,30.32
61.11,114.11,8.56
132.84,136.94,3.19
17.21,72.51,27.86
16.46,71.52,27.89
132.16,138.56,4.36
169.65,20.98,50.93
61.01,114.98,7.71
147.31,76.55,29.31
170.55,20.35,49.95
173.62,19.65,46.65
148.35,78.11,29.3
18.36,70.88,27.57
84,57.77,6.37
133.77,136.22,5.42
145.78,76.29,29.81
17.41,70.38,26.55
61.28,114.53,18.81
131.55,135.59,13.53
80.08,67.66,14.48
62.03,113.34,9.12
132.72,136.81,2.92
62.6,115.4,8.15
133.8,136.92,6.22
171.91,18.69,48.97
131.87,135.59,3.77
133.05,136.37,3.7
18.64,71.3,27.39
144.93,78.02,18.59
60.92,112.29,8.09
133.98,135.47,6.09
146.43,78.1,30
18.42,71.58,26.7
134.16,136.07,16.62
356.98,159.44,14.99
82.62,57.9,6.88
17.04,69.49,17.84
83.68,58.06,55.55
135.31,136.29,7.1
84.58,58.23,55.16
62.41,114.77,7.85
61.36,115.06,8.05
172.05,19.59,49.16
16.63,72.05,24.66
61.32,114.14,8.68
61.32,114.55,6.82
166.32,18.61,55.34
145.88,77.17,30.78
173.35,18.68,48.36
15.43,70.62,28.23
16.56,72.35,27.4
17.52,72.12,26.37
82.54,56.71,6.69
177.08,20.35,43.71
83.07,58.19,7.26
62.64,114.73,9.49
174.72,20.02,47.27
130.71,138.22,13.5
145.58,77.27,29.03
17.3,70.98,15.72
61.34,113.78,8.6
60.33,115.42,7.85
132.52,136.83,16.29
135.36,137.05,7.39
145.17,77.37,32.15
146.18,78.02,30.02
145.95,77.95,18.36
17.54,72.74,15.81
132.85,137.03,5.41
145.49,76.45,21.81
19.48,72.32,15.02
172.66,20.91,48.24
167.9,19.8,52.97
146.21,76.63,20.17
82.85,56.59,6.18
64.76,116.26,19.38
18.36,71.05,26.48
132.24,135.55,15.06
17.77,70.57,16.19
131.24,138.01,14.47
83.98,56.98,5.69
17.77,72,16.21
167.74,18.58,53.73
83.32,60.36,5.21
144.55,76.77,19.92
19.21,72.33,14.34
15.56,71.83,25.98
17.01,71.66,25.83
169.48,19.38,61.11
17.27,69.98,26.85
17.66,71.36,26.51
60.54,113.86,6.61
60.77,113.85,7.97
146.2,77.51,20.5
175.01,19.91,46
82.74,58.76,8.06
172.63,18.32,50.4
131.66,137.89,3.56
130.65,138.24,13.89
145.69,77.48,19.29
18.52,69.16,26.04
60.28,114.37,6.9
61.19,113.38,8.42
169.13,19.75,52.58
18.18,71.96,15.37
174.84,19.7,45.8
132.56,137.2,4.03
16.78,71.32,26.7
60.13,114.51,7.37
355.36,160.63,14.69
17.31,70.8,17.44
60.82,113.26,6.17
131.32,136.26,15.07
133.12,135.93,5.73
62.17,114.64,9.28
130.76,137.81,13.88
171.87,20.69,48.92
61.32,113.53,8.88
61.29,112.01,8.28
59.36,114.12,5.81
147.41,79.48,28.05
17.01,71.47,16.5
172.77,18.06,47.35
172.56,20.45,48.23
132.34,137.18,4.02
84.56,59.32,3.79
16.06,72.41,16.91
61.37,113.44,19.71
16.64,70.24,16.96
83.95,57.93,5.3
61.27,115.59,9.2
132.08,138.13,13.59
60.46,114.96,7.47
60.86,113.72,8.04
146.3,77.9,18.72
131.08,136.63,14.11
132.47,135.23,15.58
16.53,71.4,16.57
174.84,19.68,46.05
145.58,77.27,18
145.21,76.34,30.42
83.74,56.68,6.79
15.57,72.54,27.49
17.97,71.09,15.23
145.97,77.48,29.54
83.51,54.33,7.14
60.22,114.54,5.79
17.17,71.61,15.62
145.84,76.21,30.32
60.98,114.15,7.32
82.5,58.31,7.03
145.38,77.23,30.68
16.15,70.36,19.23
61.89,114.72,9.56
171.59,21.68,49.09
175.21,19.91,45.27
145.08,77.08,18.99
145.72,77.64,30.46
178.23,18.35,43.15
131.09,137.24,3.9
84.3,55.94,3.53
173.56,22.19,46.19
17.89,70.73,26.52
83.02,57.91,6.57
132.43,136.4,4.88
59.23,113.22,5.73
60.72,114.32,7.39
83.81,58.49,7.5
144.89,76.87,20.19
17.35,71.7,15.32
82.13,56.79,6.61
84.76,55.78,5.48
169.61,20.71,49.79
81.47,60.27,4.92
175.08,18.92,45.87
16.68,73.45,28.28
146.34,76.9,30.5
174.07,20.54,46.67
60.56,113.73,18.51
16.43,72.04,28.4
175.47,19.4,45.11
19.55,72.51,16.01
17.06,71.39,27.01
173.91,18.8,46.03
61.46,114.28,9.51
84.55,55.04,8.94
165.71,21.05,52.9
17.72,71.57,16.15
58.29,113.83,5.85
174.35,20.12,47.13
131.19,136.61,15.34
145.61,76.53,19.58
171.37,20.23,58.18
132.48,136.95,4.07
145.16,78.02,30.93
62.92,113.93,19.23
146.22,78.01,28.25
16.89,70.24,26.71
146.28,78.64,30.36
17.4,71.22,27
179.27,18.17,43.64
60.32,112.91,19.09
176.5,18.66,44.63
16.92,70.67,26.99
169.75,20.16,61.8
61.14,114.3,18.94
169.95,20.18,61.6
175.01,20,47.02
177.5,18.48,44.33
177.48,21.82,42.92
357.42,159.23,16.82
81.95,56.45,5.9
129.66,136,2.22
15.01,73.44,27.27
169.86,21.66,1.03
134.48,136.29,5.59
19.38,71.31,16.79
17.61,70.14,15.96
60.05,113.48,7.08
173.8,20.44,45.46
82.13,58.11,6.04
83.14,57.87,55.67
134.71,136.25,4.92
16.85,70.92,28.57
172.69,18.86,49.06
137.95,137.05,7.89
172.34,19.81,48.58
132.81,136.76,4.66
173.11,19.7,47.53
145.2,77.9,30.42
170.58,19.55,49.68
17.17,71.09,14.03
132.06,137.26,16.03
83.4,56.74,6.51
129.55,136.08,1.67
16.3,69.89,17.53
146.52,76.73,19.85
16.34,70.64,26.54
17.27,70.6,27.58
131.99,135.7,4.07
17.2,70.11,18.14
172.32,18.46,349.97
60.18,114.4,7.84
128.93,136.45,13
145.1,78.44,18.32
17.87,70.28,26.41
84.28,56.9,6.3
130.34,136.9,13.76
17.89,71.07,16.56
62.41,114.78,7.98
60.4,114.94,7.22
145.94,75.91,30.94
19.3,71.99,15.75
17.75,71.49,16.39
146.9,77.33,17.79
62.2,113.32,19.92
174.15,18.98,57.15
145.2,76.9,17.41
144.25,79.29,19.96
146.17,77.06,31.29
60.82,114.49,7.83
82.85,56.5,6.64
17.56,71.27,16.78
18.65,72.71,29.56
16.23,71.44,27.23
61.54,113.63,7.26
17.46,72.81,15.57
176.88,20.68,43.39
60.91,113.64,8.34
82.94,59.15,8.08
18.24,72.34,16.04
147.12,75.76,30.71
146.38,77.68,28.82
19.94,71.3,13.84
176.87,19.89,43.21
131.77,137.33,3.73
145.46,77.41,30.09
135.29,137.55,10.94
132.52,136.32,15.85
171.81,20.71,58.3
145.03,77.16,29.51
176.76,19.14,45.53
132.79,136.25,4.48
144.98,78.54,30.08
133.25,138.39,4.34
173.15,20.68,47.52
60.6,115.79,8.19
62.14,112.74,8.91
16.64,71.6,28.29
146.21,76.23,30.57
174.11,19.2,47.41
83.7,56.49,7.13
60.36,112.74,18.55
63.32,113.02,9.89
145.96,77.79,30.65
60.45,114.06,7.04
132.68,135.74,4.27
145.89,76.5,18.73
131.69,136.31,14.43
131.73,137.26,15.97
131.9,135.74,13.63
175.82,18.59,45.9
146.47,77.62,19.56
171.57,20.59,49.39
61.52,112.61,8.27
16.81,72.13,13.36
132.51,136.4,7.12
131.54,135.13,3.53
145.58,77.19,16.34
84.07,57.29,7.76
83.81,58.04,57.22
62.28,115.42,7.98
172.54,20.33,48.37
16.77,69.76,16.73
146.6,77.71,29.65
145.23,77.16,29.53
174.25,19.77,46.75
173.68,19.88,47.05
18.47,70.3,26.68
131.68,138.38,15.82
133.44,137.15,16.84
131.35,136.63,2.27
173.84,18.74,49.01
17.02,71.08,27.05
176.74,18.91,44.71
174.85,18.72,47.68
60.4,115.19,7.46
62.4,114.83,19.3
83.12,58.09,6.52
144.58,77.21,18.5
83.58,56.31,7.25
132.14,137.27,3.77
81.81,59.39,6.82
59.29,116.36,8.58
175.27,20.13,46
170.81,19.72,50.25
131.24,136.01,3.48
19.82,71.69,28.11
135.86,135.75,5.77
84.83,57.68,55.68
354.57,160.07,2.31
17.69,71.41,14.15
168.73,20.08,51.22
83.44,56.56,6.56
18.51,70.94,26.74
82.12,57.95,6.63
133.32,135.8,13.79
175.72,19.56,46.31
17.49,70.61,17.42
60.95,114.28,7.09
82.2,57.83,6.31
134.21,134.77,14.95
17.06,69.81,26.66
173.19,21.05,47.65
61.46,112.51,9.59
356.36,160.95,15.88
145,77.36,29.23
132.99,136.43,5.48
145.04,76.55,17.52
178.15,19.88,43.58
177.41,19.13,44.59
62.76,113.96,8.94
177.35,19.97,44.52
85.1,56.1,6.65
133.27,134.1,13.16
146.71,76.77,19.39
130.36,137.96,2.92
131.97,137.2,3.97
61.19,115.79,18.79
173.13,19.24,46.59
146.09,76.69,29.88
174.89,19.62,58.46
144.73,76.26,16.75
17.53,71.67,26.8
147.01,78.06,16.88
133.08,135.16,3.9
176.43,18.55,45.35
18.32,72.36,14.1
144.49,77.78,28.95
17.81,69.18,18.16
17.81,70.38,19.13
177.5,19.06,44.25
62.43,114.27,9.43
133.42,136.87,5.91
60.74,115.25,7.89
175.09,19.64,46.35
16.72,70.21,16.91
60.56,113.06,7.96
131.13,136.52,2.3
176.03,20.46,44.17
174.4,19.59,47.32
145.13,76.6,20.78
17.23,71.15,16.38
132.48,136.04,4.39
16.39,71.87,27.73
162.02,20,0.43
83.36,56.82,57.07
61.64,115.92,19.43
18.29,70.57,17.72
170.48,19.69,49.69
61.58,113.46,18.47
135.27,136.37,4.16
179.72,19.42,42.46
15.24,71.98,27.65
64.68,114.11,19.82
132.02,135.05,14.2
17.73,70.9,15.97
165.53,18.59,55.78
172.01,20.1,48.07
83.61,58.19,6.87
82.42,58.19,7.62
133.67,136.74,5.92
59.5,115.79,7.5
177.19,19.33,43.32
175.52,20.19,44.8
175.32,19.81,56.74
168.09,18.63,52.21
133.48,134.39,15.07
63.54,113.18,9.75
132.47,137.25,3.74
167.47,18.77,53.73
16.28,71.21,26.88
17.4,70.44,17.57
131.45,136.58,2.84
85.74,57.48,56.3
82.53,56.31,57.96
17.83,72.37,15.62
178.28,20.21,42.79
62.81,112.89,9.24
144.36,78.6,30.25
60.2,115.4,8.98
16.6,71.01,26.88
146.49,76.62,30.13
359.59,161.04,17.66
133.35,136.92,6.18
16.91,70.51,17.61
83.67,57.42,55.04
177.26,18.46,54.77
62.61,112.49,9.2
17,70.94,26.95
60.29,114.75,18.15
83.82,56.32,5.49
16.41,68.59,16.88
17.23,69.67,18.05
147.39,77.92,20.25
133.75,136.19,5.94
145.97,78.5,29.24
171.35,20.89,0.36
146.74,78.33,29.14
84.22,55.08,7.33
62.87,114.37,7.99
130.61,136.32,13.48
173.16,21.11,47.69
131.27,137.43,2.67
17.88,71,26.39
359.65,159.77,16.87
82.58,58.67,7.3
17.56,71.96,15.58
172.83,21.84,47.31
133.39,136.46,15.06
172.26,18.79,49.78
18,70.36,17.93
17.48,72.47,15.4
83.38,55.3,6.2
130.6,137.11,2.32
174.34,20.21,46.29
133.83,135.88,4.81
19.97,71.13,27.8
132.15,135.91,15.02
82.68,57.69,7.37
131.36,136.84,3.57
15.75,71.13,27.1
18.6,70.85,17.6
84.38,57.23,7.09
174.1,18.51,47.9
133.98,136.92,6.16
83.38,57.45,54.63
17,71.57,17.08
176.09,20.7,46.24
85.23,56.05,6.45
83.29,57.26,7.24
131.4,135.07,13.17
60.65,114.7,7.43
173.24,21.67,47.96
133.78,136.86,3.15
18.75,72.05,28.3
173.52,18.49,58.88
169.04,19.17,51.65
83.25,57.29,54.43
131.02,137.56,3.81
174.23,19.29,47.6
134.49,136.86,7.24
134.08,136.31,4.52
145.61,77.8,20.15
61.42,113.08,9.72
82.67,59.13,7.81
134.56,133.89,16.02
145.19,77.77,30.04
146.24,77.58,29.51
62.89,113.74,8.13
18.58,71.16,17.13
133.59,136.46,3.92
171.51,19.4,48.55
145.37,77.48,18.92
171.51,18.82,49.97
132,137.05,15.72
145.15,77.3,19.35
175.54,20.12,44.88
174.12,20.86,46.86
17.12,70.22,26.48
147.32,78.08,29.73
177.15,19.64,45.27
133.33,135.61,15.07
19.09,71.81,27.72
145.89,77.15,19.62
173.97,19.91,46.44
60.31,113.63,6.61
84.81,58.13,55.29
174.64,19.82,48.05
145.8,76.99,29.76
170.18,18.8,50.89
131.75,136.5,5.09
172.23,20.81,359.12
131.55,137.73,3.23
133.6,136.43,15.2
18.73,71.43,27.46
62.88,113.57,8.41
134.32,136.19,4.06
19.35,70.75,17.13
16.6,71.85,26.46
18.83,71.12,28.01
64.04,113.74,20.1
82.53,57.38,7.7
59.91,114.67,18.58
17.73,71.54,15.65
130.16,137.24,13.01
170.18,21.89,51.03
19.16,69.87,16.36
174.81,20.12,46.78
84.9,56.97,5.08
175.82,19.96,46.76
82.03,57.69,7.5
60.88,112.96,7.94
133.7,137.3,4.22
60.49,115.69,7.74
168.8,19.55,52.7
144.89,77.68,18.47
17.63,69.63,16.72
357.38,159.49,15.16
19.07,71.18,27.96
61.99,114.2,8.18
146.88,76.94,30.15
16.72,71.83,17.12
17.24,70.64,27.52
133,136.78,3.57
62.3,113.67,7.4
18.74,71.87,27.87
84.83,56.34,6.51
173.63,20.1,45.98
130.05,136.76,12.48
81.61,57.08,59.24
18.93,71.19,27.82
82.46,57.03,6.11
132.31,136.75,4.75
144.95,77.97,29.97
83.67,56.17,4.72
146.34,78.35,30.26
17.96,70.29,17.11
82.6,59.35,5.37
174.02,20.06,47.93
18.73,71.02,27.67
17.18,71.13,27.72
147.82,76.21,30.48
171.89,20.55,47.75
145.78,76.16,19.24
172.45,19.56,47.26
145.96,78.7,30.25
133.94,137.38,15.54
83.7,57.29,54.76
17.89,70.33,26.67
133.09,138.54,5.68
172.83,18.62,49.96
60.92,114.34,7.86
173.49,20.05,47.08
83.08,58.15,5.63
146.91,77.84,30.69
20.78,71.75,15.27
359.15,161.18,6.65
134.19,136.36,15.32
172.47,18.39,51.87
147.04,77.23,30.31
19.47,71.14,16.38
131.92,137.06,15.34
131.01,137.38,2.88
133.27,137.7,4.22
84.37,57.12,8.07
144.83,77.84,29.88
131.53,137.86,3.34
83.32,56.47,5.69
170.78,22.03,51.75
64.18,114.77,18.72
62.7,113.78,7.93
147.02,77.32,29.61
62.3,116.4,7.53
82.69,58.4,4.44
86.82,56.42,3.98
18.91,68.9,16.45
84.58,57.45,55.17
173.7,20.33,46.58
146,77.72,18.76
146.73,78.27,30.98
16.98,72.26,27.05
17.84,71.47,27.39
145.44,78.11,29.67
131.65,136.97,3.52
171.42,21.47,48.58
174.52,20.01,46.23
174.59,19.06,46.77
17.61,70.86,27.07
132.5,138.06,2.97
175.87,19.7,46.26
174.33,21.04,46.98
16.72,72.67,27.28
61.23,113.77,17.29
18.59,71.57,27.81
145.58,77.49,30.35
84.59,57.97,56.25
85.38,57,6.68
60.32,114.58,7.46
131.04,136.38,12.9
19.18,71.8,27.33
177.98,19.92,44.27
20.2,72.44,16.3
131.16,136.83,14.85
63.67,115.52,18.06
133.21,136.49,15.01
146.77,77.54,29.89
173.49,20.91,50.32
171.02,21.08,3.25
62.05,114.93,7.48
60.72,114.33,8.44
128.67,136.81,8.64
17.32,70.72,27.12
17.23,71.19,27.83
174.24,21.17,47.75
173.83,20.06,49.56
174.67,20.6,49.65
148.76,77.79,19.13
19.25,71.78,26.76
177.55,19.59,44.68
16.72,71.14,28.06
16.17,70.37,27.62
133.64,136.95,4.96
172.19,20.48,49.52
132.74,137.44,15.81
63.48,114.87,8.62
131.75,136.52,15.66
61.97,113.84,7.22
147.88,78.16,30.62
147.68,77.35,30.86
20.74,71.87,14.91
176.64,19.24,45.94
147.14,77.09,30.69
84.05,59.4,7.35
147.29,77.59,30
85.19,54.98,6.12
132.28,136.92,14.61
172.41,19.18,60.06
176.39,19.33,46.08
18.44,71.6,27.71
17.97,71.87,27.32
17.15,71.07,27.3
172.87,21.22,47.91
146.71,78,30.54
171.77,20.71,62.16
147.07,76.97,30.35
60.98,114.29,8.41
170.65,21.71,49.75
16.96,71.63,26.45
62.68,114.87,18.4
146.89,77.71,29.96
176.96,19.39,44.44
62.86,113.96,8.65
62.37,114.83,7.33
131.04,138.01,3.22
176.11,20.15,45.74
175.08,19.67,47.35
134.81,137.5,4.39
62.76,114.67,17.83
61.96,115.17,7.45
172.49,20.95,50.89
18.23,70.57,27.18
85.62,55.82,5.89
174.2,19.79,47.64
62.72,114.47,7.28
177.08,20.24,45.32
86.44,57.99,55.41
145.25,77.74,29.64
19.39,70.66,25.47
134.31,137.1,16.62
62,114.39,7.22
18.98,71.17,26.76
63.1,115.64,7.42
171.76,19.39,50.69
174.51,20.11,50.08
147.41,79.24,30.83
135.09,138.02,15.43
18.14,69.42,18.57
146.24,78.16,30.38
176.1,20.16,55.16
148.55,78.51,20.05
170.5,20.22,51.86
18.31,69.89,17.36
144.8,141.63,16.09
145.81,79.87,20.2
83.99,59.67,6.15
171.05,20.04,48.44
145.09,77.71,29.63
172.28,21.23,2.23
134.43,138.74,14.3
177.07,20.89,48.01
146.11,77.61,30.4
174.76,20.5,48.12
171.08,20.64,51.42
86.65,57.37,55.3
15.29,83.54,55.9
86.07,55.52,5.25
170.41,21.28,50.21
131.92,137.56,4.97
85.11,57.8,54.79
20.1,70.6,26.35
133.26,137.65,2.97
148.85,79.9,29.53
171.28,20.75,50.64
18.88,70.68,26.94
146.85,77.53,30.3
176.78,20.99,45.96
172.04,20.79,49.08
132.64,136.98,2.89
61.87,113.54,7.16
169.61,21.53,50.83
146.99,77.83,29.62
147.13,77.4,29.79
14.42,84.61,55.63
147.63,79.35,28.58
172.16,20.81,48.95
18.04,70.21,27.13
131.54,137.71,3.6
145.56,77.96,30.45
133.85,137.26,4.82
145.78,78.04,30.23
17.97,71.35,28.04
23.37,68.81,24.66
18.31,71.01,27.27
84.7,56.59,6.86
175,19.32,47.56
133.62,136.54,3.88
84.6,57.76,55.76
172.93,22.17,0.17
146.19,78.47,29.84
86.45,58.38,54.07
175.85,20.03,358.05
174.85,19.93,57.73
176.21,18.71,45.62
176.46,21.88,45.17
133.38,136.65,15.49
18.24,69.93,17.32
60.44,113.79,6.24
19.15,71.22,17.04
83.44,57.57,56.32
147,76.9,30.19
86.19,58.27,55.76
175.55,19.77,46.8
147.32,79.86,28.46
132.44,137.11,15.69
62.9,114.45,17.64
172.89,20.76,49.52
63.22,113.4,19.37
18.96,71.13,25.97
17.76,71.53,28.23
84.86,57.73,5.9
147.43,78.7,30.03
84.51,57.6,57.96
133.38,136.05,3.51
57.01,129.95,31.63
60.01,114.15,6.83
147.02,77.16,28.02
133.94,136.3,5.32
63.82,114.66,19
84.52,59.52,5.46
133.07,137.15,15.23
132.11,137.36,14.98
146.71,78.52,29.91
147.36,77.96,29.77
85.06,57.3,55.82
19.55,71.39,26.36
146.37,77.4,30.19
133.69,136.08,4.33
61.21,114.2,6.41
18.78,70.04,26.63
133.51,136.12,3.78
62,113.98,6.35
177.3,19.4,44.04
132.88,138.01,15.8
147,79.07,20.61
84.4,57.28,57.67
84.61,57.1,56.52
146.89,77,30.57
135.39,136.03,16.16
18.51,70.27,27.53
178.5,18.99,44.48
147.17,77.09,29.71
84.14,59.82,6.06
19.65,70.37,25.85
19.71,70.96,26.49
17.09,68.95,17.64
18.59,70.78,26.41
19.87,71.49,27.35
84.4,56.87,56.17
143.74,138.03,16
62.2,113.94,7.07
56.54,128.9,31.51
18.06,70.46,26.48
62.43,114.31,7.54
18.86,70.04,15
147.51,79.16,19.82
84.67,57.84,56.67
147.45,79.24,28.77
61.83,114.73,7.01
173.37,20.03,60.46
132.11,135.15,4.19
18.65,72.79,16.54
84.16,57.74,56.66
146.58,77.19,30.32
19.41,71.18,27.22
134.47,136.78,15.72
18.93,71.31,27.32
63,113.13,8.49
133.22,136.93,3.14
63.06,114.87,7.46
174.29,20.69,359.6
173.97,19.92,47.92
134.55,137.87,15.42
173.17,20,60.38
60.69,117.08,8.04
175.66,19.55,45.61
357.67,160.66,16.03
56.07,128.59,31.54
85.48,57.26,5.04
18.12,68.33,16.82
132.38,135.78,14.12
13.44,81.55,56.3
170.39,20.84,51.51
133.59,138.43,14.12
83.93,56.53,57.34
173.43,21.22,48.76
172.94,20,61.16
146.42,78.95,20.62
85.78,58.51,54.79
22.17,70.07,25.58
177.9,19.34,47
146.53,77.53,30.28
145.81,76.61,31.21
17.39,71.43,28.61
61.31,114.03,7.21
18.34,70.29,26.27
147.1,78.26,29.62
20.43,70.47,25.99
147.76,78.62,30.13
85.37,57.91,55.04
146.65,77.04,30.27
17.93,72.65,27.96
19.63,71.45,27.07
173.57,18.96,0.74
132.74,137.27,3.67
131.58,137.92,3.08
19.49,71.33,26.83
84.6,56.76,56.14
170.77,18.68,51.45
84.74,58.73,56.27
134.56,138.03,15.54
63.3,116.1,19.43
176.42,19.92,45.48
14.14,83.32,55.96
146.13,77.42,31.03
134.21,136.42,15.62
176.6,19.31,45.58
62.77,114.81,9.05
171.94,19.76,2.26
136.67,136.4,17.08
173.74,19.69,48.17
173.03,19.98,49
146.23,78.92,20.24
83.78,59.25,6.95
173.86,19.8,49.38
62.05,114.49,7.36
85.47,58.73,55.84
171.14,20.41,3.03
145.81,76.95,30.76
83.62,58.08,7.38
20.81,72.49,15.72
62.89,114.13,18.39
14.97,81.88,8.26
18.08,71.78,27.48
146.43,77.14,29.99
17.78,71.91,28.31
62.86,114.84,18.46
63.2,115.29,18.93
146.81,76.88,30.73
172.94,19.32,48.91
62.63,114.34,9.44
146.57,75.66,19.79
132.03,137.27,14.89
18.93,70.72,26.17
172.61,19.86,62.15
20.45,73.07,15.67
132.39,137.62,15.39
173.79,19.3,47.54
133.7,136.14,5
133.68,135.89,4.4
16.88,70.34,18.5
133.93,137.37,16.47
147.71,78.84,30.75
147.47,75.71,21.14
18.45,71.91,27.66
19.74,70.52,26.72
19.83,72.37,15.86
177.47,19.39,43.16
134.69,136.13,15.71
20.48,71.56,16.04
17.23,72.66,27.44
146.15,76.6,30.39
147.81,76.98,29.86
146.33,80.06,20.41
134.22,136.91,6.76
147.52,76.27,29.8
82.38,56.95,57.32
62.16,114.71,7.31
177.78,18.75,44.74
145.39,77.19,30.73
19.22,72.08,17.12
85.89,57.32,56.37
85.01,58.51,55.97
83.48,57.24,56.47
84.51,57.28,56.88
64.61,38.17,18.64
18.78,71,26.96
133.63,136.44,4.62
133.5,137.94,2.39
171.45,19.99,2.94
104.16,86.42,57.54
20.05,71.18,28.12
85.53,58.6,55.6
21.35,70.57,25.53
21.14,73.19,15.01
81.69,57.91,57.39
134.79,136.51,14.96
18.99,71.88,26.83
63.51,115.89,18.66
63.26,115.78,8.55
86.35,58.16,55.8
176.53,18.29,45.78
17.87,72.53,27.93
19.12,70.93,26.52
171.43,19.21,2.73
61.53,115.32,6.25
63.45,37.62,18.93
179.42,19.63,44.4
19.6,71.73,28.28
63.73,114.44,7.8
18.87,71.82,27.44
136.19,137.43,15.38
18.96,71.35,27.25
134.23,135.67,16.25
19.03,72.48,28.2
62.43,114.8,9.14
82.74,58.05,56.59
134.32,137.06,15.97
63,114.91,18.92
171.24,20.12,3.17
147.74,76.93,20.84
21.05,73.07,14.66
169.33,20.13,53.96
133.43,136.89,4.2
19.26,70.86,17.08
147.22,78.79,30.06
174.84,21.29,47.73
18.25,70.63,25.77
61.51,114.46,7.77
146.9,76.49,29.93
134.03,136.06,4.33
62.33,114.28,7.89
175.04,19.69,47.33
133.82,136.54,3.81
146.21,76.63,30.04
132.75,135.31,3.88
174.7,19.41,47.16
84.17,56.72,6.73
53.27,38.68,22.51
7.46,83.76,58.23
135.34,136,15.37
